(i) Euler's explicit method

h = 0.2:
   x_n      y_n
0  0.0  1.00000
1  0.2  1.20000
2  0.4  1.48000
3  0.6  1.85600
4  0.8  2.34720
5  1.0  2.97664

h = 0.1:
    x_n      y_n
0   0.0  1.00000
1   0.1  1.10000
2   0.2  1.22000
3   0.3  1.36200
4   0.4  1.52820
5   0.5  1.72102
6   0.6  1.94312
7   0.7  2.19743
8   0.8  2.48717
9   0.9  2.81589
10  1.0  3.18748

h = 0.05:
     x_n      y_n
0   0.00  1.00000
1   0.05  1.05000
2   0.10  1.10500
3   0.15  1.16525
4   0.20  1.23101
5   0.25  1.30256
6   0.30  1.38019
7   0.35  1.46420
8   0.40  1.55491
9   0.45  1.65266
10  0.50  1.75779
11  0.55  1.87068
12  0.60  1.99171
13  0.65  2.12130
14  0.70  2.25986
15  0.75  2.40785
16  0.80  2.56574
17  0.85  2.73403
18  0.90  2.91323
19  0.95  3.10389
20  1.00  3.30658


(ii) Euler's implicit method

h = 0.2:
   x_n      y_n
0  0.0  1.00000
1  0.2  1.30000
2  0.4  1.72500
3  0.6  2.30625
4  0.8  3.08281
5  1.0  4.10351

h = 0.1
    x_n      y_n
0   0.0  1.00000
1   0.1  1.12222
2   0.2  1.26913
3   0.3  1.44348
4   0.4  1.64831
5   0.5  1.88701
6   0.6  2.16334
7   0.7  2.48149
8   0.8  2.84610
9   0.9  3.26233
10  1.0  3.73592

h = 0.05
     x_n      y_n
0   0.00  1.00000
1   0.05  1.05526
2   0.10  1.11606
3   0.15  1.18269
4   0.20  1.25546
5   0.25  1.33469
6   0.30  1.42073
7   0.35  1.51393
8   0.40  1.61466
9   0.45  1.72333
10  0.50  1.84035
11  0.55  1.96616
12  0.60  2.10122
13  0.65  2.24602
14  0.70  2.40107
15  0.75  2.56692
16  0.80  2.74413
17  0.85  2.93329
18  0.90  3.13504
19  0.95  3.35004
20  1.00  3.57899


(iii) Taylor Series methods

2nd Order, h = 0.2
   x_n      y_n
0  0.0  1.00000
1  0.2  1.24000
2  0.4  1.57680
3  0.6  2.03170
4  0.8  2.63067
5  1.0  3.40542

2nd Order, h = 0.1
    x_n      y_n
0   0.0  1.00000
1   0.1  1.11000
2   0.2  1.24205
3   0.3  1.39847
4   0.4  1.58181
5   0.5  1.79490
6   0.6  2.04086
7   0.7  2.32315
8   0.8  2.64558
9   0.9  3.01237
10  1.0  3.42817

2nd Order, h = 0.05
     x_n      y_n
0   0.00  1.00000
1   0.05  1.05250
2   0.10  1.11025
3   0.15  1.17353
4   0.20  1.24261
5   0.25  1.31779
6   0.30  1.39939
7   0.35  1.48773
8   0.40  1.58316
9   0.45  1.68605
10  0.50  1.79677
11  0.55  1.91573
12  0.60  2.04335
13  0.65  2.18007
14  0.70  2.32636
15  0.75  2.48271
16  0.80  2.64964
17  0.85  2.82768
18  0.90  3.01741
19  0.95  3.21943
20  1.00  3.43436

3rd Order, h = 0.2
   x_n      y_n
0  0.0  1.00000
1  0.2  1.24267
2  0.4  1.58331
3  0.6  2.04362
4  0.8  2.65007
5  1.0  3.43502

3rd Order, h = 0.1
    x_n      y_n
0   0.0  1.00000
1   0.1  1.11033
2   0.2  1.24278
3   0.3  1.39968
4   0.4  1.58360
5   0.5  1.79738
6   0.6  2.04415
7   0.7  2.32739
8   0.8  2.65094
9   0.9  3.01903
10  1.0  3.43635

3rd Order, h = 0.05
     x_n      y_n
0   0.00  1.00000
1   0.05  1.05254
2   0.10  1.11034
3   0.15  1.17367
4   0.20  1.24281
5   0.25  1.31805
6   0.30  1.39972
7   0.35  1.48814
8   0.40  1.58365
9   0.45  1.68662
10  0.50  1.79744
11  0.55  1.91650
12  0.60  2.04423
13  0.65  2.18107
14  0.70  2.32749
15  0.75  2.48398
16  0.80  2.65106
17  0.85  2.82927
18  0.90  3.01918
19  0.95  3.22139
20  1.00  3.43653


(iv) R-K methods

2nd Order(Euler-Cauchy), h = 0.2
   x_n      y_n
0  0.0  1.00000
1  0.2  1.24000
2  0.4  1.57680
3  0.6  2.03169
4  0.8  2.63066
5  1.0  3.40540

2nd Order(Euler-Cauchy), h = 0.1
    x_n      y_n
0   0.0  1.00000
1   0.1  1.11000
2   0.2  1.24205
3   0.3  1.39847
4   0.4  1.58181
5   0.5  1.79490
6   0.6  2.04086
7   0.7  2.32316
8   0.8  2.64560
9   0.9  3.01239
10  1.0  3.42819

2nd Order(Euler-Cauchy), h = 0.05
     x_n      y_n
0   0.00  1.00000
1   0.05  1.05250
2   0.10  1.11026
3   0.15  1.17354
4   0.20  1.24262
5   0.25  1.31780
6   0.30  1.39940
7   0.35  1.48774
8   0.40  1.58318
9   0.45  1.68607
10  0.50  1.79679
11  0.55  1.91575
12  0.60  2.04337
13  0.65  2.18010
14  0.70  2.32639
15  0.75  2.48274
16  0.80  2.64967
17  0.85  2.82772
18  0.90  3.01746
19  0.95  3.21948
20  1.00  3.43442

2nd Order(Improved Tangent), h = 0.2
   x_n      y_n
0  0.0  1.00000
1  0.2  1.24000
2  0.4  1.57680
3  0.6  2.03170
4  0.8  2.63067
5  1.0  3.40542

2nd Order(Improved Tangent), h = 0.1
    x_n      y_n
0   0.0  1.00000
1   0.1  1.11000
2   0.2  1.24205
3   0.3  1.39847
4   0.4  1.58181
5   0.5  1.79490
6   0.6  2.04086
7   0.7  2.32315
8   0.8  2.64558
9   0.9  3.01237
10  1.0  3.42817

2nd Order(Improved Tangent), h = 0.05
     x_n      y_n
0   0.00  1.00000
1   0.05  1.05250
2   0.10  1.11025
3   0.15  1.17353
4   0.20  1.24261
5   0.25  1.31779
6   0.30  1.39939
7   0.35  1.48773
8   0.40  1.58316
9   0.45  1.68605
10  0.50  1.79677
11  0.55  1.91573
12  0.60  2.04335
13  0.65  2.18007
14  0.70  2.32636
15  0.75  2.48271
16  0.80  2.64964
17  0.85  2.82768
18  0.90  3.01741
19  0.95  3.21943
20  1.00  3.43436

3rd Order(Nystrom), h = 0.2
   x_n      y_n
0  0.0  1.00000
1  0.2  1.24266
2  0.4  1.58330
3  0.6  2.04360
4  0.8  2.65005
5  1.0  3.43500

3rd Order(Nystrom), h = 0.1
    x_n      y_n
0   0.0  1.00000
1   0.1  1.11033
2   0.2  1.24278
3   0.3  1.39968
4   0.4  1.58360
5   0.5  1.79738
6   0.6  2.04416
7   0.7  2.32740
8   0.8  2.65095
9   0.9  3.01904
10  1.0  3.43636

3rd Order(Nystrom), h = 0.05
     x_n      y_n
0   0.00  1.00000
1   0.05  1.05254
2   0.10  1.11034
3   0.15  1.17367
4   0.20  1.24281
5   0.25  1.31806
6   0.30  1.39973
7   0.35  1.48815
8   0.40  1.58367
9   0.45  1.68664
10  0.50  1.79746
11  0.55  1.91652
12  0.60  2.04425
13  0.65  2.18110
14  0.70  2.32752
15  0.75  2.48402
16  0.80  2.65110
17  0.85  2.82931
18  0.90  3.01922
19  0.95  3.22143
20  1.00  3.43657

4th Order(Classical), h = 0.2
   x_n      y_n
0  0.0  1.00000
1  0.2  1.24280
2  0.4  1.58364
3  0.6  2.04422
4  0.8  2.65105
5  1.0  3.43651

4th Order(Classical), h = 0.1
    x_n      y_n
0   0.0  1.00000
1   0.1  1.11034
2   0.2  1.24280
3   0.3  1.39971
4   0.4  1.58364
5   0.5  1.79743
6   0.6  2.04422
7   0.7  2.32748
8   0.8  2.65106
9   0.9  3.01918
10  1.0  3.43653

4th Order(Classical), h = 0.05
     x_n      y_n
0   0.00  1.00000
1   0.05  1.05254
2   0.10  1.11034
3   0.15  1.17367
4   0.20  1.24281
5   0.25  1.31805
6   0.30  1.39972
7   0.35  1.48814
8   0.40  1.58365
9   0.45  1.68662
10  0.50  1.79744
11  0.55  1.91650
12  0.60  2.04423
13  0.65  2.18108
14  0.70  2.32750
15  0.75  2.48400
16  0.80  2.65108
17  0.85  2.82929
18  0.90  3.01920
19  0.95  3.22141
20  1.00  3.43655
