(i) Euler's explicit method

h = 0.2:
   x_n      y_n
0  0.0  1.00000
1  0.2  1.00000
2  0.4  0.92000
3  0.6  0.78458
4  0.8  0.63684
5  1.0  0.50706

h = 0.1:
    x_n      y_n
0   0.0  1.00000
1   0.1  1.00000
2   0.2  0.98000
3   0.3  0.94158
4   0.4  0.88839
5   0.5  0.82525
6   0.6  0.75715
7   0.7  0.68836
8   0.8  0.62202
9   0.9  0.56011
10  1.0  0.50364

h = 0.05:
     x_n      y_n
0   0.00  1.00000
1   0.05  1.00000
2   0.10  0.99500
3   0.15  0.98510
4   0.20  0.97054
5   0.25  0.95170
6   0.30  0.92906
7   0.35  0.90317
8   0.40  0.87462
9   0.45  0.84402
10  0.50  0.81196
11  0.55  0.77900
12  0.60  0.74562
13  0.65  0.71226
14  0.70  0.67928
15  0.75  0.64698
16  0.80  0.61559
17  0.85  0.58527
18  0.90  0.55615
19  0.95  0.52831
20  1.00  0.50179


(ii) Euler's implicit method

h = 0.2:
   x_n      y_n
0  0.0  1.00000
1  0.2  0.93070
2  0.4  0.82247
3  0.6  0.70364
4  0.8  0.59163
5  1.0  0.49401

h = 0.1
    x_n      y_n
0   0.0  1.00000
1   0.1  0.98076
2   0.2  0.94504
3   0.3  0.89679
4   0.4  0.84030
5   0.5  0.77953
6   0.6  0.71772
7   0.7  0.65724
8   0.8  0.59970
9   0.9  0.54603
10  1.0  0.49669

h = 0.05
     x_n      y_n
0   0.00  1.00000
1   0.05  0.99505
2   0.10  0.98534
3   0.15  0.97119
4   0.20  0.95302
5   0.25  0.93134
6   0.30  0.90668
7   0.35  0.87960
8   0.40  0.85066
9   0.45  0.82037
10  0.50  0.78923
11  0.55  0.75766
12  0.60  0.72603
13  0.65  0.69466
14  0.70  0.66381
15  0.75  0.63369
16  0.80  0.60446
17  0.85  0.57624
18  0.90  0.54910
19  0.95  0.52310
20  1.00  0.49827


(iii) Taylor Series methods

2nd Order, h = 0.2
   x_n      y_n
0  0.0  1.00000
1  0.2  0.96000
2  0.4  0.85507
3  0.6  0.72485
4  0.8  0.59967
5  1.0  0.49229

2nd Order, h = 0.1
    x_n      y_n
0   0.0  1.00000
1   0.1  0.99000
2   0.2  0.96099
3   0.3  0.91623
4   0.4  0.86024
5   0.5  0.79771
6   0.6  0.73279
7   0.7  0.66865
8   0.8  0.60745
9   0.9  0.55046
10  1.0  0.49829

2nd Order, h = 0.05
     x_n      y_n
0   0.00  1.00000
1   0.05  0.99750
2   0.10  0.99006
3   0.15  0.97790
4   0.20  0.96138
5   0.25  0.94094
6   0.30  0.91711
7   0.35  0.89047
8   0.40  0.86160
9   0.45  0.83107
10  0.50  0.79943
11  0.55  0.76716
12  0.60  0.73469
13  0.65  0.70238
14  0.70  0.67054
15  0.75  0.63942
16  0.80  0.60920
17  0.85  0.58003
18  0.90  0.55200
19  0.95  0.52518
20  1.00  0.49960

3rd Order, h = 0.2
   x_n      y_n
0  0.0  1.00000
1  0.2  0.96000
2  0.4  0.86030
3  0.6  0.73448
4  0.8  0.60984
5  1.0  0.50045

3rd Order, h = 0.1
    x_n      y_n
0   0.0  1.00000
1   0.1  0.99000
2   0.2  0.96137
3   0.3  0.91724
4   0.4  0.86190
5   0.5  0.79988
6   0.6  0.73523
7   0.7  0.67113
8   0.8  0.60978
9   0.9  0.55253
10  1.0  0.50005

3rd Order, h = 0.05
     x_n      y_n
0   0.00  1.00000
1   0.05  0.99750
2   0.10  0.99009
3   0.15  0.97798
4   0.20  0.96152
5   0.25  0.94116
6   0.30  0.91741
7   0.35  0.89085
8   0.40  0.86205
9   0.45  0.83158
10  0.50  0.79998
11  0.55  0.76774
12  0.60  0.73528
13  0.65  0.70298
14  0.70  0.67114
15  0.75  0.64000
16  0.80  0.60976
17  0.85  0.58056
18  0.90  0.55250
19  0.95  0.52564
20  1.00  0.50002


(iv) R-K methods

2nd Order(Euler-Cauchy), h = 0.2
   x_n      y_n
0  0.0  1.00000
1  0.2  0.96000
2  0.4  0.86030
3  0.6  0.73504
4  0.8  0.61157
5  1.0  0.50334

2nd Order(Euler-Cauchy), h = 0.1
    x_n      y_n
0   0.0  1.00000
1   0.1  0.99000
2   0.2  0.96136
3   0.3  0.91724
4   0.4  0.86195
5   0.5  0.80003
6   0.6  0.73552
7   0.7  0.67158
8   0.8  0.61040
9   0.9  0.55329
10  1.0  0.50092

2nd Order(Euler-Cauchy), h = 0.05
     x_n      y_n
0   0.00  1.00000
1   0.05  0.99750
2   0.10  0.99008
3   0.15  0.97798
4   0.20  0.96152
5   0.25  0.94116
6   0.30  0.91742
7   0.35  0.89086
8   0.40  0.86207
9   0.45  0.83162
10  0.50  0.80004
11  0.55  0.76782
12  0.60  0.73538
13  0.65  0.70310
14  0.70  0.67128
15  0.75  0.64016
16  0.80  0.60994
17  0.85  0.58076
18  0.90  0.55271
19  0.95  0.52586
20  1.00  0.50025

2nd Order(Improved Tangent), h = 0.2
   x_n      y_n
0  0.0  1.00000
1  0.2  0.96000
2  0.4  0.85774
3  0.6  0.73010
4  0.8  0.60585
5  1.0  0.49809

2nd Order(Improved Tangent), h = 0.1
    x_n      y_n
0   0.0  1.00000
1   0.1  0.99000
2   0.2  0.96118
3   0.3  0.91675
4   0.4  0.86111
5   0.5  0.79889
6   0.6  0.73418
7   0.7  0.67014
8   0.8  0.60895
9   0.9  0.55190
10  1.0  0.49963

2nd Order(Improved Tangent), h = 0.05
     x_n      y_n
0   0.00  1.00000
1   0.05  0.99750
2   0.10  0.99007
3   0.15  0.97794
4   0.20  0.96145
5   0.25  0.94105
6   0.30  0.91727
7   0.35  0.89067
8   0.40  0.86184
9   0.45  0.83135
10  0.50  0.79974
11  0.55  0.76749
12  0.60  0.73503
13  0.65  0.70274
14  0.70  0.67091
15  0.75  0.63979
16  0.80  0.60957
17  0.85  0.58039
18  0.90  0.55235
19  0.95  0.52551
20  1.00  0.49991

3rd Order(Nystrom), h = 0.2
   x_n      y_n
0  0.0  1.00000
1  0.2  0.96140
2  0.4  0.86194
3  0.6  0.73519
4  0.8  0.60958
5  1.0  0.49972

3rd Order(Nystrom), h = 0.1
    x_n      y_n
0   0.0  1.00000
1   0.1  0.99009
2   0.2  0.96152
3   0.3  0.91741
4   0.4  0.86205
5   0.5  0.79998
6   0.6  0.73528
7   0.7  0.67112
8   0.8  0.60973
9   0.9  0.55246
10  1.0  0.49997

3rd Order(Nystrom), h = 0.05
     x_n      y_n
0   0.00  1.00000
1   0.05  0.99751
2   0.10  0.99010
3   0.15  0.97800
4   0.20  0.96154
5   0.25  0.94118
6   0.30  0.91743
7   0.35  0.89087
8   0.40  0.86207
9   0.45  0.83160
10  0.50  0.80000
11  0.55  0.76775
12  0.60  0.73529
13  0.65  0.70298
14  0.70  0.67113
15  0.75  0.63999
16  0.80  0.60975
17  0.85  0.58055
18  0.90  0.55248
19  0.95  0.52562
20  1.00  0.49999

4th Order(Classical), h = 0.2
   x_n      y_n
0  0.0  1.00000
1  0.2  0.96153
2  0.4  0.86205
3  0.6  0.73528
4  0.8  0.60975
5  1.0  0.50001

4th Order(Classical), h = 0.1
    x_n      y_n
0   0.0  1.00000
1   0.1  0.99010
2   0.2  0.96154
3   0.3  0.91743
4   0.4  0.86207
5   0.5  0.80000
6   0.6  0.73529
7   0.7  0.67114
8   0.8  0.60975
9   0.9  0.55248
10  1.0  0.50000

4th Order(Classical), h = 0.05
     x_n      y_n
0   0.00  1.00000
1   0.05  0.99751
2   0.10  0.99010
3   0.15  0.97800
4   0.20  0.96154
5   0.25  0.94118
6   0.30  0.91743
7   0.35  0.89086
8   0.40  0.86206
9   0.45  0.83159
10  0.50  0.79999
11  0.55  0.76774
12  0.60  0.73528
13  0.65  0.70297
14  0.70  0.67113
15  0.75  0.63999
16  0.80  0.60975
17  0.85  0.58054
18  0.90  0.55248
19  0.95  0.52562
20  1.00  0.50000
